#0000000100100011
#
#
#00000 1 000 000 0 0 0 0

#set reg[6] 0
00000 1 110 010 0 0 0 0

#add reg[7] reg[7]
#01001 1 111 111 0 0 0 0

#nonsense
#11111 1 111 111 1 1 1 1

#TNY_RAM_SIZE is (1 << 15)
#LOD'ing from outside this address space accesses the bus

#lod reg[4], [(1 << 15) + 2]
00001 0 100 010 0 0 0 0 1000000000000010

#add reg[4], 1
01001 0 100 010 0 0 0 0 0000000000000101

#str [ (1 << 15) + 2], reg[4]
00010 0 010 100 0 0 0 0 1000000000000010

#str [ (1 << 15) + 0], reg[4]
00010 0 010 100 0 0 0 0 1000000000000000

#jmp reg[6]
10101 1 110 000 0 0 0 0
